0.1386
0.1386
0.1386
0.1386
0.1386
0.1386
0.1386
0.1386
0.1386
0.1386
0.1386
0.1386
0.1386
0.1386
0.1386
0.1386
0.1386
0.1386
0.1386
0.1386
0.1386
0.1386
0.1386
0.1386
0.1386
0.1386
0.1386
0.1386
0.1386
0.1386
0.1386
0.1386
0.1386
0.1386
0.1386
0.1386
0.1386
0.1386
0.1386
0.1386
0.1386
0.1386
0.1386
0.1386
0.1386
0.1386
0.1386
0.1386
0.1386
0.1386
0.1386
0.1386
0.1386
0.1386
0.1386
0.1386
0.1386
0.1386
0.1386
0.1386
0.1386
0.1386
0.1386
0.1386
0.1386
0.1386
0.1386
0.1386
0.1386
0.1386
0.1386
0.1386
0.1386
0.1386
0.1386
0.1386
0.1386
0.1386
0.1386
0.1386
0.1386
0.1386
0.1386
0.1386
0.1386
0.1386
0.1386
0.1386
0.1386
0.1386
0.1386
0.1386
0.1386
0.1386
0.1386
0.1386
0.1386
0.1386
0.1386
0.1386
0.1386
0.1386
0.1386
0.1386
0.1386
0.1386
0.1386
0.1386
0.1386
0.1386
0.1386
0.1386
0.1386
0.1386
0.1386
0.1386
0.1386
0.1386
0.1386
0.1386
0.1386
0.1386
0.1386
0.1386
0.1386
0.1386
0.1386
0.1386
0.1386
0.1386
0.1386
0.1386
0.1386
0.1386
0.1386
0.1386
0.1386
0.1386
0.1386
0.1386
0.1386
0.1386
0.1386
0.1386
0.1386
0.1386
0.1377
0.1377
0.1377
0.1377
0.1359
0.1359
0.1359
0.1350
0.1350
0.1341
0.1341
0.1341
0.1341
0.1341
0.1341
0.1332
0.1323
0.1323
0.1314
0.1314
0.1314
0.1314
0.1314
0.1314
0.1287
0.1278
0.1260
0.1233
0.1206
0.1170
0.1152
0.1098
0.1062
0.1026
0.0972
0.0918
0.0891
0.0828
0.0756
0.0702
0.0702
0.0639
0.0558
0.0441
0.0405
0.0342
0.0288
0.0261
0.0243
0.0225
0.0162
0.0153
0.0144
0.0126
0.0108
0.0099
0.0072
0.0063
0.0063
0.0045
0.0045
0.0045
0.0036
0.0018
0.0009
0.0000
0.0000
0.0000
0.0000
0.0000
0.0000
0.0000
0.0000
0.0000
0.0000
0.0000
0.0000
0.0000
0.0000
0.0000
0.0000
0.0000
0.0000
0.0000
0.0000
0.0000
0.0000
0.0000
0.0000
0.0000
0.0000
0.0000
0.0000
0.0000
0.0000
0.0000
0.0000
0.0000
0.0000
0.0000
0.0000
0.0000
0.0000
0.0000
0.0000
0.0000
0.0000
0.0000
0.0000
0.0000
